1,0,0,1,0,0,0
2,0,1,1,0,0,0
3,1,1,1,0,0,0
4,1,2,1,0,0,0
5,1,2,2,0,0,0
5,1,2,2,0,0,0
5,1,2,2,0,0,0
6,1,2,2,1,0,0
7,1,2,2,1,1,0
8,1,2,2,2,1,0
9,1,2,2,2,2,0
16,1,2,4,5,3,1
32,1,4,7,9,7,4
64,1,6,8,14,18,17
64,1,6,8,14,18,17
64,1,6,8,14,18,17
128,1,18,27,28,28,26
256,35,38,43,45,47,48
256,35,38,43,45,47,48
512,77,85,87,89,89,85
512,77,85,87,89,89,85
512,77,85,87,89,89,85
1024,149,162,175,179,180,179
1024,149,162,175,179,180,179
2048,323,338,345,346,348,348
4096,675,680,683,686,687,685
4096,675,680,683,686,687,685
8192,1351,1360,1369,1371,1371,1370
16384,2712,2727,2729,2737,2740,2739
16384,2712,2727,2729,2737,2740,2739
32768,5442,5463,5467,5468,5468,5460
32768,5442,5463,5467,5468,5468,5460
65536,10904,10920,10927,10931,10930,10924
131072,4770,4781,4780,4778,4777,4782
262144,26305,26306,26299,26296,26304,26310
524288,1738,1770,1760,1751,1745,1741
