1,0.0000,0.0000,1.0000,0.0000,0.0000,0.0000
2,0.0000,1.0000,1.0000,0.0000,0.0000,0.0000
3,1.0000,1.0000,1.0000,0.0000,0.0000,0.0000
4,1.0000,2.0000,1.0000,0.0000,0.0000,0.0000
5,1.0000,2.0000,2.0000,0.0000,0.0000,0.0000
5,1.0000,2.0000,2.0000,0.0000,0.0000,0.0000
5,1.0000,2.0000,2.0000,0.0000,0.0000,0.0000
6,1.0000,2.0000,2.0000,1.0000,0.0000,0.0000
7,1.0000,2.0000,2.0000,1.0000,1.0000,0.0000
8,1.0000,2.0000,2.0000,2.0000,1.0000,0.0000
9,1.0000,2.0000,2.0000,2.0000,2.0000,0.0000
16,1.0000,2.0000,4.0000,5.0000,3.0000,1.0000
32,1.0000,4.0000,7.0000,9.0000,7.0000,4.0000
64,1.0000,6.0000,8.0000,14.0000,18.0000,17.0000
64,1.0000,6.0000,8.0000,14.0000,18.0000,17.0000
64,1.0000,6.0000,8.0000,14.0000,18.0000,17.0000
128,1.0000,18.0000,27.0000,28.0000,28.0000,26.0000
256,35.0000,38.0000,43.0000,45.0000,47.0000,48.0000
256,35.0000,38.0000,43.0000,45.0000,47.0000,48.0000
512,77.0000,85.0000,87.0000,89.0000,89.0000,85.0000
512,77.0000,85.0000,87.0000,89.0000,89.0000,85.0000
512,77.0000,85.0000,87.0000,89.0000,89.0000,85.0000
1024,149.0000,162.0000,175.0000,179.0000,180.0000,179.0000
1024,149.0000,162.0000,175.0000,179.0000,180.0000,179.0000
2048,323.0000,338.0000,345.0000,346.0000,348.0000,348.0000
4096,675.0000,680.0000,683.0000,686.0000,687.0000,685.0000
4096,675.0000,680.0000,683.0000,686.0000,687.0000,685.0000
8192,1351.0000,1360.0000,1369.0000,1371.0000,1371.0000,1370.0000
16384,2712.0000,2727.0000,2729.0000,2737.0000,2740.0000,2739.0000
16384,2712.0000,2727.0000,2729.0000,2737.0000,2740.0000,2739.0000
32768,1190.0000,1211.0000,1215.0000,1216.0000,1216.0000,1208.0000
32768,1190.0000,1211.0000,1215.0000,1216.0000,1216.0000,1208.0000
65536,2371.0000,2387.0000,2394.0000,2398.0000,2397.0000,2391.0000
131072,256.5000,263.0000,267.5000,268.5000,267.0000,266.5000
262144,445.0000,446.5000,448.0000,448.5000,451.5000,451.5000
524288,217.2500,222.7500,224.2500,224.3750,223.3750,222.3750
